-- EPOCH 0:
-- BATCH 0:
-- TRAINING
--LSTM::FORWARD-- Input as is:

[[[ 0.391076  0.741634 -0.288898 ... -1.802873 -3.127219 -3.932663]
  [ 0.744812  0.993079 -0.092217 ... -0.875947 -2.164989 -3.03097 ]
  [ 0.665967  0.771302 -0.105336 ... -0.075524 -1.177455 -2.136503]
  [ 0.530196  1.004475 -0.396739 ...  0.914217  0.055979 -0.995033]
  [-1.220987  0.046341 -1.251288 ... -0.167724 -0.809376 -1.928031]]

 [[-0.190763  0.190771 -0.381526 ... -3.647464 -3.673409 -3.681803]
  [-0.190263  0.304414 -0.228318 ... -3.729076 -3.774738 -3.782349]
  [ 0.226925  0.45385  -0.302572 ... -4.139565 -4.145238 -4.194406]
  [-0.0757    0.302801 -0.681302 ... -3.902345 -3.86071  -3.975522]
  [-0.414149  0.263554 -0.790659 ... -4.164164 -4.204827 -4.328572]]

 [[ 0.802135  0.821238 -0.152792 ... -1.957598 -3.053474 -3.889099]
  [-0.754863  0.132099 -1.22665  ... -2.709    -3.864125 -4.685161]
  [ 0.704089  0.951475 -0.323498 ... -1.485241 -2.709029 -3.588954]
  [-0.528198  0.037731 -0.773439 ... -1.910004 -3.218249 -4.113048]
  [ 0.340846  0.473395 -0.852111 ... -1.120048 -2.558602 -3.474085]]

 ...

 [[-1.565735  0.246184 -1.595276 ... -6.219026 -6.797334 -7.603187]
  [ 1.759743  1.932663 -0.21361  ... -2.869543 -3.424409 -4.277026]
  [-2.091042  0.420216 -2.091042 ... -4.179986 -4.731085 -5.488394]
  [-0.477615  1.223884 -0.477615 ... -4.403159 -4.918895 -5.636313]
  [ 0.777696  0.989795 -0.585801 ... -2.739046 -3.238156 -3.903923]]

 [[ 0.619675  0.619675 -1.123156 ...  5.156852  5.207286  4.843385]
  [ 2.484966  2.565126  0.       ...  8.290576  8.577149  8.235763]
  [ 0.757878  0.877547 -0.678101 ...  7.221774  7.719181  7.545276]
  [-0.510601  0.628445 -0.628437 ...  5.113902  5.776904  5.784376]
  [ 0.197703  0.909446 -0.514041 ...  5.306439  6.160532  6.319555]]

 [[-0.008629  0.206009 -0.493924 ... -2.291228 -3.018915 -3.765138]
  [ 2.418514  2.644527 -0.073855 ...  0.915535  0.303111 -0.543109]
  [ 2.258392  2.294709 -1.721708 ...  2.912885  2.421444  1.570462]
  [-1.129996  0.243984 -1.163841 ...  0.937481  0.566086 -0.241969]
  [ 1.102155  1.339757 -0.677561 ...  2.393217  2.050662  1.34701 ]]]
--LSTM::FORWARD-- Input after in_lat:

tensor([[[ 1.2584e+00,  1.3879e-01,  2.2299e+00,  ..., -2.0650e-01,
          -6.7285e-01, -2.8069e-01],
         [ 1.4261e+00,  4.3603e-01,  1.5183e+00,  ..., -2.6869e-01,
          -7.7146e-01, -4.2276e-01],
         [ 1.3085e+00,  4.8529e-01,  1.0045e+00,  ..., -7.8781e-02,
          -7.0604e-01, -4.0912e-01],
         [ 1.6189e+00,  4.9234e-01, -2.1179e-01,  ..., -2.3526e-01,
          -1.0123e+00, -2.8295e-01],
         [-4.8764e-01, -8.0906e-01,  1.3416e+00,  ...,  1.1108e+00,
          -1.1658e-01,  8.6283e-01]],

        [[-8.7734e-01, -2.4938e-01,  2.5719e+00,  ...,  3.7431e-01,
           4.6229e-01, -8.9850e-01],
         [-7.7280e-01, -2.2085e-01,  2.6721e+00,  ...,  4.3524e-01,
           3.1418e-01, -1.0665e+00],
         [-8.2379e-01, -4.0698e-01,  3.2284e+00,  ...,  4.1373e-01,
           6.2864e-01, -9.8356e-01],
         [-2.5372e-02, -4.3909e-01,  2.4536e+00,  ...,  2.1392e-01,
           2.8286e-01, -9.1398e-01],
         [-4.7026e-01, -8.1563e-01,  2.9943e+00,  ...,  6.1988e-01,
           4.8012e-01, -5.8041e-01]],

        [[ 1.8316e+00, -4.3675e-01,  2.8949e+00,  ...,  7.4748e-02,
          -5.1641e-01, -2.5582e-01],
         [ 4.6776e-01, -1.6603e+00,  3.9408e+00,  ...,  7.8799e-01,
           5.5851e-02,  9.2137e-01],
         [ 2.2966e+00, -2.4744e-01,  2.1464e+00,  ..., -3.7686e-01,
          -9.3887e-01, -1.1330e-01],
         [ 6.3596e-01, -1.1812e+00,  3.5467e+00,  ...,  7.4238e-01,
          -1.3656e-01,  7.3291e-01],
         [ 2.0036e+00, -5.5414e-01,  2.2235e+00,  ..., -2.5836e-01,
          -5.6488e-01,  3.6509e-01]],

        ...,

        [[-1.5573e+00, -1.4372e+00,  5.3175e+00,  ...,  1.4529e+00,
           5.3054e-01, -4.0701e-02],
         [ 3.4015e+00,  1.4288e+00,  3.2348e-01,  ..., -1.4962e+00,
          -1.6245e+00, -2.1535e+00],
         [-1.1352e+00, -1.8569e+00,  3.7102e+00,  ...,  1.4421e+00,
           1.7953e-01,  4.5978e-01],
         [-5.2174e-01, -5.4575e-01,  3.7916e+00,  ...,  1.0523e+00,
          -2.6673e-01, -9.8486e-01],
         [ 1.9346e+00,  2.0210e-01,  1.5812e+00,  ..., -4.4171e-01,
          -6.5765e-01, -1.2128e+00]],

        [[ 1.6299e+00,  2.2378e-01, -4.6418e+00,  ..., -1.2995e+00,
          -5.1342e-01,  1.4800e+00],
         [ 4.1087e+00,  2.1140e+00, -8.9303e+00,  ..., -3.0667e+00,
          -2.2760e+00,  5.3251e-01],
         [ 5.0942e-01,  1.5808e-01, -5.8875e+00,  ..., -1.0989e+00,
          -2.1149e-01,  2.2958e+00],
         [-1.1483e+00, -3.1522e-01, -4.2996e+00,  ..., -1.6553e-01,
           9.9343e-05,  2.2769e+00],
         [ 7.3716e-01,  6.8225e-01, -6.1827e+00,  ..., -1.4742e+00,
          -8.6326e-01,  1.3542e+00]],

        [[ 9.6745e-01, -1.7910e-01,  2.2955e+00,  ...,  2.9909e-01,
          -3.2725e-01, -4.9939e-01],
         [ 4.0481e+00,  1.3668e+00, -2.0219e+00,  ..., -1.9532e+00,
          -1.9258e+00, -1.2049e+00],
         [ 4.0944e+00,  1.1116e-01, -3.1536e+00,  ..., -2.3753e+00,
          -1.1221e+00,  5.8896e-01],
         [-7.1527e-01, -1.5125e+00,  9.4267e-01,  ...,  1.0986e+00,
           1.1131e-01,  1.7640e+00],
         [ 2.7311e+00,  3.5214e-01, -2.4624e+00,  ..., -1.3301e+00,
          -1.1893e+00,  5.6315e-01]]], grad_fn=<AddBackward0>)
--LSTM::FORWARD-- Input after lstm:

tensor([[[ 1.3984e-02,  2.5846e-01, -1.4992e-01,  1.0238e-01],
         [ 1.4714e-02,  1.7432e-01, -1.8754e-01,  7.0881e-02],
         [ 1.3376e-02,  8.9643e-02, -2.2845e-01, -4.5752e-02],
         [ 6.0861e-03, -6.5747e-02, -2.2967e-01, -2.3723e-01],
         [-5.5440e-02,  1.5531e-01, -1.5842e-01,  5.8350e-02]],

        [[ 2.9344e-02,  5.1025e-01, -1.6941e-01,  1.1391e-01],
         [ 2.4992e-02,  4.9448e-01, -2.1613e-01,  1.0630e-01],
         [ 2.2752e-02,  5.5351e-01, -2.3658e-01,  4.2112e-02],
         [ 1.7392e-02,  4.5330e-01, -3.1902e-01, -5.7351e-02],
         [ 1.0710e-02,  5.5584e-01, -2.8492e-01,  1.6914e-01]],

        [[ 1.4459e-02,  4.8436e-01, -4.5501e-01,  3.4298e-01],
         [ 3.2208e-02,  6.2127e-01, -3.3668e-01,  2.2479e-01],
         [ 1.4187e-02,  3.5441e-01, -4.2402e-01,  2.3681e-01],
         [ 3.2494e-02,  4.8996e-01, -3.2054e-01,  1.7465e-01],
         [ 1.9713e-02,  3.6116e-01, -4.4502e-01,  2.9168e-01]],

        ...,

        [[ 8.2900e-03,  6.6445e-01, -7.0945e-02, -1.0725e-01],
         [ 1.4569e-03,  1.8100e-01, -1.2520e-02, -3.9375e-01],
         [-7.9847e-03,  6.6804e-01,  5.8491e-02, -2.6320e-01],
         [-4.2024e-02,  5.2483e-01, -2.9321e-01,  9.2312e-03],
         [-2.6750e-02,  4.2039e-01,  3.9231e-02, -1.5421e-01]],

        [[-2.4387e-02,  8.8983e-02,  1.3161e-01, -4.5162e-01],
         [-7.3252e-04,  1.0072e-02,  5.2202e-01, -6.9938e-01],
         [-1.2568e-02,  8.6372e-02,  4.4155e-01, -4.4771e-01],
         [-8.2975e-02,  5.4358e-02,  5.9347e-04, -1.9855e-01],
         [-2.7056e-02,  1.7238e-02,  3.2838e-01, -4.0873e-01]],

        [[-7.1015e-02,  4.0523e-01, -1.2600e-01, -1.2274e-01],
         [-1.7779e-02, -8.0819e-02,  3.5819e-01, -7.3919e-01],
         [-1.5595e-02, -3.6849e-02,  5.7982e-01, -7.0689e-01],
         [-4.3247e-01,  3.1916e-02, -1.2327e-01, -1.1735e-01],
         [-6.6125e-02, -8.3389e-02,  3.7410e-01, -5.6383e-01]]],
       grad_fn=<StackBackward>)
--LSTM::FORWARD-- Entering Attention layer:

--LSTM::FORWARD-- Input after attn_layer:

tensor([[-0.0554,  0.1553, -0.1584,  ...,  0.1062, -0.1948, -0.0294],
        [ 0.0107,  0.5558, -0.2849,  ...,  0.5114, -0.2467,  0.0685],
        [ 0.0197,  0.3612, -0.4450,  ...,  0.4657, -0.3919,  0.2497],
        ...,
        [-0.0267,  0.4204,  0.0392,  ...,  0.4735, -0.0363, -0.2089],
        [-0.0271,  0.0172,  0.3284,  ...,  0.0489,  0.3192, -0.4729],
        [-0.0661, -0.0834,  0.3741,  ...,  0.0030,  0.3029, -0.5405]],
       grad_fn=<CatBackward>)
--LSTM::FORWARD-- Entering Adversarial layer:

--LSTM::FORWARD-- Input\Pred after adv_layer:

tensor([[ 2.1981e-02],
        [ 1.0630e-01],
        [ 1.1201e-01],
        [ 1.5177e-01],
        [ 2.1400e-01],
        [ 2.1558e-01],
        [ 2.7461e-01],
        [ 2.4042e-01],
        [ 2.2556e-01],
        [ 2.3729e-01],
        [ 1.7955e-01],
        [ 3.2161e-01],
        [ 2.5360e-01],
        [ 4.9720e-02],
        [ 6.0465e-02],
        [ 3.0902e-02],
        [ 3.1745e-01],
        [ 1.1427e-01],
        [ 2.6128e-01],
        [ 1.3201e-01],
        [ 5.3230e-02],
        [ 4.1461e-02],
        [ 9.4792e-02],
        [-5.5263e-02],
        [-1.5316e-01],
        [ 8.6616e-02],
        [ 1.5188e-01],
        [ 2.5091e-01],
        [ 1.3295e-01],
        [ 1.0497e-01],
        [ 2.0696e-01],
        [-5.8612e-01],
        [-1.2721e-01],
        [-1.9214e-02],
        [ 1.4807e-01],
        [ 2.2284e-01],
        [ 1.3315e-01],
        [ 2.2163e-01],
        [ 1.5382e-01],
        [ 1.3114e-01],
        [ 6.8272e-02],
        [ 1.9113e-01],
        [ 2.4860e-01],
        [ 1.2170e-01],
        [ 1.9780e-01],
        [ 8.9967e-03],
        [-2.2679e-01],
        [-7.5238e-02],
        [-1.2690e-01],
        [-7.5519e-03],
        [-6.7453e-02],
        [ 1.7943e-01],
        [ 1.3546e-01],
        [-2.8140e-02],
        [ 1.9989e-01],
        [ 2.6300e-01],
        [ 2.7457e-01],
        [-5.4241e-02],
        [ 2.3887e-01],
        [ 6.5204e-02],
        [-6.0069e-03],
        [ 1.1966e-01],
        [ 8.6080e-02],
        [ 2.9560e-02],
        [ 1.0856e-01],
        [ 1.5832e-03],
        [ 1.6453e-01],
        [ 1.1946e-01],
        [ 2.0147e-01],
        [ 1.4026e-01],
        [ 2.5066e-01],
        [ 2.9369e-01],
        [ 5.3871e-02],
        [ 2.4113e-01],
        [ 8.6323e-02],
        [ 2.8941e-01],
        [ 4.1067e-01],
        [ 4.2255e-01],
        [ 2.7891e-01],
        [ 4.2350e-01],
        [ 2.4535e-01],
        [ 2.1974e-01],
        [ 3.6200e-01],
        [ 3.1676e-01],
        [ 3.8051e-01],
        [ 2.6985e-01],
        [ 1.3359e-01],
        [ 1.8093e-01],
        [ 2.2239e-01],
        [ 2.7477e-01],
        [ 2.5327e-01],
        [-3.6293e-01],
        [-1.3494e-01],
        [ 9.8457e-02],
        [ 6.2469e-02],
        [ 1.1966e-01],
        [ 8.9597e-02],
        [ 2.2272e-01],
        [ 1.8845e-01],
        [ 1.4050e-01],
        [ 3.9055e-01],
        [ 2.6892e-01],
        [ 3.8068e-01],
        [ 4.4012e-01],
        [ 3.9107e-01],
        [ 4.7558e-01],
        [ 4.4462e-01],
        [ 4.4702e-01],
        [ 3.9030e-01],
        [ 3.2168e-01],
        [ 3.2434e-01],
        [ 3.4969e-01],
        [ 2.0873e-01],
        [ 3.2264e-02],
        [ 1.0903e-01],
        [ 1.1498e-01],
        [ 8.6383e-02],
        [ 2.1337e-01],
        [-2.7485e-02],
        [ 4.2772e-02],
        [-4.4053e-02],
        [-1.0778e-01],
        [-2.1879e-01],
        [ 2.0442e-01],
        [ 1.1845e-02],
        [-2.2396e-02],
        [ 1.1606e-01],
        [ 1.8358e-01],
        [ 2.8790e-01],
        [ 3.7707e-01],
        [ 1.5910e-01],
        [ 2.1014e-01],
        [ 1.8750e-01],
        [ 1.4027e-01],
        [ 2.3508e-01],
        [ 3.0437e-01],
        [ 2.7224e-01],
        [ 9.8709e-02],
        [ 3.0147e-01],
        [ 4.3936e-02],
        [ 7.2088e-03],
        [ 1.1722e-01],
        [ 1.7030e-01],
        [ 7.8033e-02],
        [-2.2936e-01],
        [ 3.7488e-02],
        [ 7.4217e-02],
        [ 3.0671e-01],
        [ 3.1786e-01],
        [ 2.2626e-01],
        [ 3.1004e-01],
        [ 3.3412e-01],
        [ 1.5811e-01],
        [ 2.8647e-01],
        [ 4.5140e-01],
        [ 3.0746e-01],
        [ 2.9044e-03],
        [-1.5677e-02],
        [ 1.3721e-01],
        [ 2.7850e-01],
        [ 2.7405e-01],
        [ 2.2874e-01],
        [ 3.3373e-01],
        [ 1.2239e-01],
        [ 3.3480e-01],
        [ 3.0738e-01],
        [ 2.8997e-01],
        [ 3.1895e-01],
        [ 4.8908e-01],
        [ 4.2018e-01],
        [ 4.1797e-01],
        [ 9.6847e-02],
        [ 1.3702e-01],
        [ 1.6186e-01],
        [-2.4066e-03],
        [ 2.5052e-01],
        [ 2.2438e-01],
        [ 7.1482e-02],
        [ 4.1568e-01],
        [ 3.9022e-01],
        [ 4.0394e-01],
        [ 2.2066e-01],
        [-2.4199e-01],
        [-2.2056e-01],
        [ 8.5562e-02],
        [ 5.2403e-02],
        [ 9.5759e-02],
        [ 2.2478e-01],
        [ 3.3423e-01],
        [ 1.4322e-01],
        [ 4.1616e-01],
        [ 3.1195e-01],
        [ 3.2337e-01],
        [ 2.9543e-02],
        [-1.6846e-01],
        [-4.7109e-02],
        [-3.6080e-03],
        [-1.6196e-01],
        [-4.9550e-02],
        [-1.1957e-02],
        [ 2.1625e-01],
        [ 2.8131e-01],
        [ 1.5749e-01],
        [ 1.3234e-01],
        [ 1.4090e-01],
        [ 3.6809e-01],
        [ 3.5763e-01],
        [ 3.0942e-01],
        [ 1.8269e-01],
        [ 2.3026e-01],
        [ 7.0837e-02],
        [-1.3639e-01],
        [-8.9673e-02],
        [ 5.4110e-02],
        [-2.2989e-01],
        [ 2.0641e-01],
        [ 1.4982e-01],
        [ 3.1618e-01],
        [-6.1938e-02],
        [-8.9917e-02],
        [ 1.0633e-01],
        [ 9.8470e-02],
        [ 1.3897e-01],
        [ 2.2386e-01],
        [-1.8588e-01],
        [ 5.9105e-02],
        [-1.0441e-01],
        [ 3.1779e-02],
        [ 6.7364e-02],
        [ 6.2782e-02],
        [-8.5109e-02],
        [ 1.5583e-01],
        [ 1.2371e-01],
        [ 1.4211e-01],
        [-2.4039e-01],
        [-6.8716e-02],
        [-2.9655e-01],
        [-3.4019e-01],
        [-5.3669e-01],
        [-4.9044e-01],
        [-3.4147e-01],
        [-3.4240e-01],
        [-2.9477e-01],
        [ 9.9085e-02],
        [-8.4084e-02],
        [ 2.3922e-01],
        [-1.2142e-02],
        [ 5.6230e-02],
        [ 7.9193e-02],
        [-5.1539e-02],
        [-4.6330e-03],
        [-1.9024e-01],
        [-8.8891e-02],
        [-8.8460e-02],
        [ 7.7425e-02],
        [-2.2474e-01],
        [-5.9549e-02],
        [-1.4267e-01],
        [-3.6076e-01],
        [-3.6043e-01],
        [-1.4187e-01],
        [-2.2413e-02],
        [ 3.6032e-02],
        [ 1.2991e-01],
        [-1.0547e-01],
        [ 1.4239e-01],
        [ 3.1552e-01],
        [ 3.0547e-01],
        [ 7.1719e-02],
        [-2.9122e-01],
        [-1.0762e-01],
        [ 1.1830e-01],
        [-2.5650e-01],
        [-2.7393e-01],
        [-2.8018e-01],
        [ 1.4029e-01],
        [ 8.9190e-02],
        [ 4.3072e-01],
        [ 1.6649e-01],
        [ 2.2189e-01],
        [ 3.3345e-01],
        [ 4.0100e-01],
        [ 3.8142e-01],
        [ 2.9542e-01],
        [ 2.6935e-01],
        [ 2.2357e-01],
        [ 1.2885e-01],
        [-4.0610e-02],
        [ 8.2016e-02],
        [-6.9136e-02],
        [ 1.0033e-01],
        [-1.3233e-01],
        [ 2.1850e-01],
        [ 2.4708e-01],
        [ 1.8411e-01],
        [-2.1048e-01],
        [ 9.7389e-02],
        [ 2.1070e-01],
        [ 1.6241e-01],
        [-5.1102e-02],
        [ 1.1300e-01],
        [ 1.2884e-01],
        [ 2.5060e-01],
        [-2.1610e-01],
        [-1.3419e-01],
        [-3.1635e-02],
        [-1.1444e-01],
        [ 1.5899e-01],
        [ 1.0275e-01],
        [ 1.9605e-01],
        [ 3.9033e-01],
        [ 4.9219e-01],
        [ 4.9179e-01],
        [ 3.0125e-01],
        [-1.8315e-01],
        [ 3.6543e-02],
        [ 1.5454e-01],
        [ 2.5646e-01],
        [ 2.2018e-01],
        [ 1.5348e-01],
        [ 2.1870e-01],
        [-2.7243e-02],
        [ 4.0319e-02],
        [-2.5575e-02],
        [ 7.2747e-05],
        [ 8.0448e-02],
        [ 1.0716e-01],
        [ 3.4629e-01],
        [ 9.1690e-02],
        [ 3.4627e-01],
        [ 1.6139e-01],
        [ 3.3215e-01],
        [ 3.0443e-01],
        [ 3.5888e-01],
        [ 4.0471e-01],
        [ 1.4985e-01],
        [ 1.8299e-01],
        [ 1.9088e-01],
        [ 5.8708e-02],
        [ 3.1729e-02],
        [-1.0245e-01],
        [ 2.4513e-01],
        [ 1.7207e-01],
        [-8.1023e-02],
        [-5.7839e-03],
        [ 1.4130e-01],
        [ 1.6477e-01],
        [ 1.5343e-01],
        [ 1.9268e-01],
        [ 1.9613e-01],
        [ 2.0611e-01],
        [ 3.4126e-01],
        [ 3.0400e-01],
        [-1.8279e-01],
        [-8.2391e-02],
        [-1.5788e-01],
        [ 5.5734e-02],
        [ 1.1395e-01],
        [ 1.4535e-01],
        [-1.1836e-01],
        [ 1.3191e-01],
        [-5.6366e-02],
        [ 2.3542e-01],
        [ 1.0543e-01],
        [ 1.7056e-01],
        [ 2.0745e-01],
        [ 2.6977e-01],
        [ 7.6142e-02],
        [-2.4467e-01],
        [-3.5679e-01],
        [-5.5181e-02],
        [ 7.3186e-02],
        [ 2.8859e-01],
        [ 2.3519e-01],
        [ 4.1890e-02],
        [ 2.4983e-01],
        [-1.7222e-01],
        [-3.0119e-01],
        [-7.5302e-03],
        [-1.1227e-01],
        [ 5.8674e-02],
        [ 8.2589e-02],
        [ 1.4853e-01],
        [ 1.2777e-01],
        [ 2.1845e-01],
        [ 8.2085e-03],
        [ 1.9358e-01],
        [-1.3265e-01],
        [ 1.1210e-01],
        [ 8.2097e-02],
        [-3.4948e-02],
        [ 2.4280e-02],
        [ 1.3162e-01],
        [ 7.7563e-02],
        [-4.6509e-01],
        [-2.4852e-02],
        [-7.9162e-02],
        [ 5.5853e-02],
        [ 2.4321e-01],
        [ 2.6879e-02],
        [-1.0557e-01],
        [ 1.9227e-02],
        [-5.3923e-01],
        [ 9.1642e-02],
        [-9.8753e-02],
        [-3.9237e-01],
        [-5.2086e-01],
        [-1.6183e-01],
        [ 7.6166e-02],
        [ 3.5420e-02],
        [ 8.7841e-02],
        [-1.1790e-01],
        [-1.6784e-01],
        [-2.1678e-01],
        [ 2.4397e-01],
        [-2.0317e-03],
        [ 1.8641e-01],
        [ 2.6368e-01],
        [ 4.7183e-02],
        [ 1.9275e-01],
        [ 8.9936e-02],
        [ 1.5954e-01],
        [-2.4219e-01],
        [ 9.6184e-02],
        [ 8.7963e-02],
        [ 3.0946e-01],
        [ 3.7701e-01],
        [ 4.8853e-01],
        [ 2.2179e-01],
        [ 1.7179e-01],
        [-1.3927e-01],
        [ 1.0370e-01],
        [ 3.4373e-01],
        [ 1.5641e-01],
        [ 3.8345e-01],
        [ 4.4254e-01],
        [ 5.0024e-01],
        [ 4.4230e-01],
        [ 4.9914e-01],
        [ 4.1267e-01],
        [ 4.6055e-01],
        [ 3.9056e-01],
        [ 3.5218e-01],
        [ 4.0643e-01],
        [ 4.2424e-01],
        [ 4.5272e-01],
        [ 3.9613e-01],
        [ 4.4127e-01],
        [ 4.3142e-01],
        [ 3.1986e-01],
        [ 3.1416e-01],
        [ 4.6004e-01],
        [ 2.9205e-01],
        [ 3.4823e-01],
        [ 1.0602e-01],
        [-5.0486e-03],
        [-2.9727e-02],
        [-9.2233e-02],
        [-1.5645e-01],
        [-9.4517e-02],
        [-4.4736e-02],
        [ 9.8990e-02],
        [ 7.7458e-02],
        [-7.6055e-03],
        [ 1.5361e-03],
        [ 3.3697e-02],
        [ 1.8797e-01],
        [ 2.9999e-01],
        [ 2.1278e-01],
        [ 3.0025e-01],
        [-1.0660e-01],
        [-1.5980e-01],
        [ 9.2929e-03],
        [ 1.8974e-01],
        [-2.8650e-01],
        [-3.2247e-01],
        [-1.6044e-01],
        [-4.7975e-02],
        [-3.8551e-01],
        [-1.6351e-01],
        [-3.1079e-01],
        [-8.8241e-03],
        [-8.6499e-02],
        [-1.7946e-01],
        [-2.8910e-01],
        [-2.9042e-01],
        [-3.0613e-01],
        [-2.0135e-01],
        [-5.9561e-03],
        [ 2.0645e-01],
        [ 3.4877e-01],
        [ 1.2191e-01],
        [ 2.0437e-01],
        [-5.0354e-01],
        [-4.6230e-01],
        [-3.3570e-01],
        [-2.9495e-01],
        [-3.5507e-01],
        [-3.5757e-01],
        [-1.4398e-01],
        [-1.5557e-01],
        [-4.2844e-01],
        [-2.1567e-01],
        [-4.5205e-01],
        [-3.0044e-01],
        [-3.6667e-01],
        [-3.7635e-01],
        [-3.6776e-01],
        [-2.0313e-01],
        [-2.7617e-01],
        [-3.0854e-02],
        [-2.4014e-01],
        [-1.6844e-01],
        [-5.6543e-02],
        [-2.8822e-01],
        [-5.8363e-01],
        [-4.0257e-01],
        [-4.0268e-01],
        [-4.8207e-01],
        [-2.1279e-01],
        [-1.1493e-01],
        [-1.7973e-02],
        [ 3.4387e-02],
        [-2.5305e-02],
        [ 5.0785e-02],
        [-8.8302e-02],
        [-2.1720e-01],
        [-1.7827e-01],
        [-4.3524e-02],
        [ 3.2607e-02],
        [-1.6040e-01],
        [-8.0333e-02],
        [-1.4685e-01],
        [-1.3102e-01],
        [-2.7297e-03],
        [ 1.2433e-02],
        [-1.7875e-01],
        [-2.6253e-01],
        [-6.5329e-01],
        [-9.7708e-02],
        [-1.2288e-01],
        [-2.3875e-01],
        [-1.1483e-01],
        [-1.6953e-03],
        [-2.0114e-01],
        [-1.8521e-01],
        [-6.4491e-02],
        [-3.6406e-02],
        [-1.4713e-01],
        [ 8.6977e-02],
        [-2.0134e-01],
        [-3.6701e-01],
        [-1.7639e-01],
        [-3.9860e-01],
        [-1.5448e-01],
        [-1.8747e-01],
        [ 2.2423e-01],
        [ 1.8961e-01],
        [ 1.9754e-01],
        [-8.6092e-02],
        [-2.5000e-02],
        [-3.9907e-01],
        [-3.5196e-01],
        [ 2.1165e-02],
        [ 1.2451e-01],
        [-2.2349e-01],
        [-2.0084e-01],
        [-3.1638e-01],
        [-3.0690e-01],
        [-9.9424e-02],
        [-2.2634e-01],
        [-2.6939e-01],
        [-1.3479e-01],
        [-5.2753e-01],
        [-3.1600e-01],
        [-1.0144e-02],
        [-2.1845e-01],
        [-3.6420e-01],
        [-2.5258e-01],
        [-2.7226e-01],
        [-4.3276e-01],
        [-2.7183e-01],
        [-1.2735e-01],
        [-1.7936e-01],
        [-3.0144e-01],
        [-2.3449e-01],
        [-2.8012e-01],
        [-4.2676e-01],
        [-3.1988e-01],
        [-1.1131e-01],
        [-2.8391e-01],
        [-3.5729e-01],
        [-3.5262e-01],
        [-2.1835e-01],
        [ 2.4731e-03],
        [ 2.7065e-01],
        [ 2.4477e-01],
        [ 1.2039e-01],
        [-1.7758e-01],
        [ 2.0091e-02],
        [-1.5989e-01],
        [ 2.5362e-02],
        [-2.5732e-01],
        [-2.2475e-01],
        [-5.6513e-02],
        [ 1.2096e-02],
        [-1.5035e-02],
        [ 1.4064e-01],
        [-2.3144e-01],
        [-1.8258e-01],
        [-3.0540e-01],
        [ 6.4354e-04],
        [-1.9016e-01],
        [-4.5714e-02],
        [-7.4177e-02],
        [ 1.4034e-01],
        [ 1.2831e-01],
        [ 6.3447e-02],
        [-8.2040e-02],
        [-9.5401e-03],
        [ 1.5203e-01],
        [ 7.3367e-02],
        [ 4.5087e-02],
        [ 1.5704e-02],
        [ 1.6028e-01],
        [-3.2732e-02],
        [-9.5194e-02],
        [-1.5786e-01],
        [ 2.1855e-02],
        [-6.0517e-02],
        [-1.3465e-02],
        [ 1.6249e-01],
        [ 2.0046e-01],
        [ 1.7338e-01],
        [-1.4862e-01],
        [-7.9301e-02],
        [ 7.2361e-02],
        [-1.1968e-01],
        [ 8.2155e-02],
        [-1.3657e-02],
        [-1.1483e-01],
        [-8.9775e-02],
        [-3.7296e-02],
        [ 1.0123e-02],
        [-1.3652e-01],
        [ 1.4997e-02],
        [-1.3023e-01],
        [-1.5490e-01],
        [-3.1027e-02],
        [ 6.2902e-03],
        [ 1.6204e-01],
        [ 2.1483e-01],
        [ 2.1076e-01],
        [ 3.2856e-02],
        [-1.0705e-01],
        [ 1.5241e-01],
        [ 2.9609e-01],
        [ 3.3431e-01],
        [ 2.0096e-01],
        [ 1.9544e-01],
        [ 2.6798e-01],
        [ 2.4034e-01],
        [ 1.6067e-01],
        [ 1.2485e-01],
        [ 2.5061e-01],
        [ 2.7139e-03],
        [ 1.4671e-01],
        [ 2.2094e-01],
        [ 6.2070e-02],
        [-2.2607e-03],
        [ 3.3677e-01],
        [ 1.8884e-01],
        [ 2.6666e-01],
        [ 1.5612e-01],
        [ 2.1162e-01],
        [ 2.9944e-01],
        [ 3.1364e-01],
        [ 2.5393e-01],
        [ 3.8131e-01],
        [-4.7898e-03],
        [-4.3237e-02],
        [-5.7307e-02],
        [-5.1744e-02],
        [-2.5928e-01],
        [-2.3168e-01],
        [-9.3635e-02],
        [ 2.8348e-02],
        [-1.1015e-01],
        [-1.2233e-01],
        [ 1.3893e-01],
        [ 1.3276e-01],
        [ 1.1388e-01],
        [-3.8499e-02],
        [ 2.1548e-01],
        [ 4.5257e-01],
        [ 2.7235e-01],
        [ 4.5299e-01],
        [ 3.7040e-01],
        [ 4.6472e-02],
        [-3.7202e-02],
        [ 4.4898e-02],
        [ 1.4090e-01],
        [-3.3906e-02],
        [-3.9027e-01],
        [-3.4766e-01],
        [-4.5243e-01],
        [-9.1562e-02],
        [ 2.5179e-02],
        [-1.9782e-01],
        [-2.7261e-01],
        [-3.7046e-02],
        [-4.3766e-02],
        [ 9.4125e-02],
        [-1.6635e-01],
        [ 9.1247e-02],
        [ 3.8085e-02],
        [ 1.0030e-01],
        [-6.8301e-02],
        [-1.0965e-01],
        [ 3.7602e-01],
        [ 1.4822e-01],
        [ 2.2239e-01],
        [ 2.2161e-01],
        [-5.2687e-01],
        [-1.4444e-01],
        [-8.5152e-02],
        [ 5.4335e-02],
        [-3.1922e-02],
        [ 2.5100e-01],
        [ 6.6980e-02],
        [ 1.3681e-01],
        [ 4.1507e-02],
        [ 1.4725e-01],
        [ 1.1386e-01],
        [ 1.7406e-01],
        [ 2.2762e-02],
        [-5.5880e-02],
        [-3.0396e-01],
        [-1.0912e-01],
        [-8.5493e-02],
        [-1.6464e-01],
        [-2.5501e-01],
        [-4.0908e-01],
        [-1.2307e-01],
        [-1.6272e-02],
        [-4.0123e-02],
        [ 1.3542e-01],
        [-1.5497e-01],
        [ 1.2392e-01],
        [ 1.5079e-01],
        [ 3.3549e-02],
        [ 1.7422e-01],
        [ 3.9234e-02],
        [ 9.1207e-02],
        [ 3.5206e-03],
        [-3.0856e-02],
        [-8.4072e-02],
        [ 2.0187e-01],
        [ 2.1879e-01],
        [ 1.2149e-01],
        [ 2.6950e-01],
        [ 3.9317e-01],
        [ 2.0482e-01],
        [ 4.1243e-01],
        [ 4.1092e-01],
        [ 3.5920e-01],
        [ 1.6839e-01],
        [ 1.5601e-01],
        [ 6.3363e-02],
        [ 9.6837e-02],
        [ 2.2813e-01],
        [ 1.4329e-01],
        [ 1.0665e-01],
        [ 2.0751e-01],
        [ 3.7434e-01],
        [ 3.5516e-01],
        [ 3.1092e-01],
        [ 4.1442e-01],
        [ 3.4801e-01],
        [ 1.8674e-01],
        [ 9.5675e-02],
        [ 3.8746e-01],
        [ 1.5919e-02],
        [ 1.9979e-01],
        [-1.1455e-02],
        [ 1.4432e-01],
        [-1.7052e-01],
        [ 1.2095e-01],
        [-3.4355e-01],
        [-3.2331e-02],
        [ 1.7385e-01],
        [ 2.0518e-01],
        [ 1.3445e-01],
        [ 3.1766e-01],
        [ 2.3141e-01],
        [-2.6901e-02],
        [ 2.0833e-01],
        [ 1.6172e-01],
        [ 3.1064e-01],
        [ 5.0178e-02],
        [ 1.5687e-01],
        [ 9.1818e-02],
        [ 2.6079e-01],
        [ 2.0923e-01],
        [ 1.6166e-01],
        [ 1.3991e-02],
        [ 9.7606e-02],
        [ 1.7697e-01],
        [ 1.9404e-01],
        [ 2.2834e-01],
        [ 8.7610e-02],
        [ 4.1321e-04],
        [ 1.7643e-01],
        [ 2.4154e-01],
        [ 3.9712e-01],
        [ 2.6195e-01],
        [ 3.9220e-03],
        [ 1.7592e-01],
        [ 1.9909e-01],
        [-1.2912e-02],
        [ 8.3652e-02],
        [-1.1230e-01],
        [ 4.0647e-02],
        [ 4.9310e-02],
        [ 6.2909e-02],
        [ 3.4308e-02],
        [-6.9046e-02],
        [-2.8951e-01],
        [-6.3189e-02],
        [ 7.9011e-02],
        [ 6.3771e-02],
        [ 1.3537e-01],
        [-7.4402e-02],
        [ 4.4445e-02],
        [ 9.6771e-02],
        [ 2.5782e-01],
        [ 1.3535e-01],
        [ 3.0653e-01],
        [ 3.6909e-01],
        [ 4.1882e-01],
        [ 4.3402e-01],
        [ 3.1978e-02],
        [ 2.2070e-01],
        [ 2.8004e-01],
        [ 1.8455e-01],
        [ 1.1737e-01],
        [ 2.7417e-01],
        [ 3.8242e-01],
        [ 2.2962e-01],
        [ 3.1247e-01],
        [ 2.8690e-01],
        [ 2.4064e-01],
        [ 3.6131e-01],
        [ 2.0707e-01],
        [ 4.3979e-01],
        [ 2.7605e-01],
        [ 4.4610e-01],
        [ 3.4069e-01],
        [ 2.4910e-01],
        [ 3.8755e-01],
        [ 6.4903e-02],
        [ 2.2048e-01],
        [ 1.7902e-01],
        [ 3.3660e-01],
        [ 3.7708e-01],
        [ 1.2326e-01],
        [ 3.6242e-01],
        [ 1.2025e-01],
        [ 2.8465e-01],
        [ 3.3355e-01],
        [ 3.6716e-01],
        [ 3.1554e-01],
        [ 4.4860e-01],
        [ 6.7336e-02],
        [ 2.1803e-01],
        [ 2.0259e-01],
        [ 3.9168e-01],
        [ 3.4802e-01],
        [ 2.1899e-01],
        [ 3.1285e-01],
        [ 3.6479e-01],
        [ 2.1984e-01],
        [ 2.4903e-01],
        [ 3.5659e-01],
        [ 2.9938e-01],
        [ 2.3373e-01],
        [ 1.3582e-01],
        [ 9.7678e-02],
        [ 2.6553e-01],
        [ 2.4629e-01],
        [ 1.8608e-01],
        [ 2.9387e-01],
        [ 7.4932e-02],
        [ 1.3251e-01],
        [-1.9985e-02],
        [-4.6430e-02],
        [ 8.2920e-02],
        [ 2.4027e-03],
        [-1.6402e-01],
        [ 2.4345e-01],
        [ 2.6117e-01],
        [ 2.7375e-01],
        [ 1.9938e-01],
        [ 3.9048e-02],
        [ 5.9539e-02],
        [ 1.8802e-01],
        [ 3.6356e-01],
        [ 4.1390e-02],
        [ 3.1208e-01],
        [ 1.4367e-01],
        [ 8.8501e-02],
        [-1.2366e-02],
        [-9.0133e-02],
        [-6.2813e-02],
        [ 1.6397e-01],
        [ 1.5842e-01],
        [ 3.3926e-01],
        [ 1.9769e-01],
        [ 2.3725e-01],
        [ 2.2482e-01],
        [ 2.2088e-01],
        [ 3.3999e-01],
        [ 2.4207e-01],
        [ 2.1869e-01],
        [ 2.2181e-01],
        [-3.3935e-01],
        [-1.5028e-01],
        [ 3.2771e-02],
        [ 5.3401e-02],
        [ 6.3533e-02],
        [ 2.6508e-01],
        [ 3.3477e-02],
        [ 5.1373e-02],
        [-9.3994e-02],
        [-9.1697e-02],
        [ 3.3817e-01],
        [-1.3418e-01],
        [ 6.9168e-02],
        [-2.5640e-01],
        [-1.2757e-01],
        [-2.1692e-01],
        [-7.8027e-03],
        [-3.3548e-01],
        [-8.0685e-02],
        [-1.0930e-01],
        [-2.4876e-01],
        [ 3.8096e-02],
        [-3.0121e-01],
        [-7.2358e-02],
        [ 2.9083e-02],
        [ 7.7607e-02],
        [-1.5927e-01],
        [-1.8917e-01],
        [-2.4243e-01],
        [-5.6972e-01],
        [-5.1580e-02],
        [-4.1567e-01],
        [-4.4018e-01],
        [-1.6516e-01],
        [-1.5841e-01],
        [-2.8864e-01],
        [-2.7685e-01],
        [-2.0000e-01],
        [-2.1233e-01],
        [-1.9200e-01],
        [-2.0511e-01],
        [-4.1919e-01],
        [-7.3059e-01],
        [-2.8620e-01],
        [-3.4687e-01],
        [-1.5667e-01],
        [ 1.7209e-01],
        [-9.8208e-02],
        [-1.3144e-02],
        [-3.3052e-01],
        [-1.7002e-01],
        [-4.5122e-01],
        [-4.5901e-01],
        [-1.7706e-01],
        [-2.7603e-01],
        [-2.1455e-01],
        [-3.8738e-01],
        [ 1.1244e-01],
        [ 1.3314e-01],
        [-1.1073e-01],
        [ 1.2480e-01],
        [-7.8585e-02],
        [-2.5490e-01],
        [-3.1438e-01],
        [-1.6719e-01],
        [-1.2258e-01],
        [-1.4649e-01],
        [-1.2028e-01],
        [-2.2622e-01],
        [-2.4033e-02],
        [-3.9786e-01],
        [-7.9594e-02],
        [-9.8821e-02],
        [-3.0168e-01],
        [-2.8749e-01],
        [-2.8265e-01],
        [-3.0794e-03],
        [-1.7252e-01],
        [ 1.3356e-02],
        [ 1.0637e-01],
        [-1.4923e-02],
        [-1.3837e-01],
        [ 3.9681e-03],
        [-1.7062e-01],
        [-1.7727e-01],
        [-4.8634e-03],
        [ 5.9453e-02],
        [-1.9135e-01],
        [ 6.0645e-02],
        [ 3.1850e-02],
        [ 1.0489e-02],
        [ 9.6550e-02],
        [ 1.0356e-01],
        [ 1.3017e-01],
        [ 1.2031e-01],
        [ 3.0978e-02],
        [ 1.3180e-01],
        [-1.1780e-01],
        [-5.1195e-02]], grad_fn=<AddmmBackward>)
-- BATCH 1:
-- TRAINING
--LSTM::FORWARD-- Input as is:

[[[ 0.623605  1.013368 -0.634744 ...  0.659795  0.253449 -0.324799]
  [ 1.220757  2.758001 -0.045212 ...  2.06114   1.850561  1.197383]
  [-1.173995  0.753133 -1.173995 ... -0.040984 -0.120948 -0.70071 ]
  [-0.210055  0.818138 -0.342732 ... -0.25595  -0.217586 -0.723058]
  [-0.167153  0.891457 -0.534885 ...  0.462991  0.58033   0.178651]]

 [[-0.611354  1.310044 -0.611354 ...  1.42795   0.883845  0.311501]
  [ 0.530035  1.855124 -1.678445 ...  2.460252  2.123679  1.46349 ]
  [ 1.697945  3.306524 -0.178731 ...  3.373554  3.277932  2.627351]
  [-0.96831   0.088028 -2.376761 ...  1.610923  1.764092  1.21773 ]
  [ 1.893598  3.336339 -0.180343 ...  3.773668  4.144273  3.675983]]

 [[ 0.856097  0.892526 -0.273228 ...  0.495423 -0.055395 -0.500325]
  [ 1.334585  1.372179 -0.037596 ...  3.580814  3.152618  2.628434]
  [ 0.703286  1.12146  -0.323136 ...  4.554268  4.202244  3.727429]
  [ 0.208209  0.492141 -0.265007 ...  3.9362    3.711516  3.27843 ]
  [-0.096643  0.831071 -0.270591 ...  5.834947  5.758023  5.369156]]

 ...

 [[-2.722357  0.457192 -2.847047 ... -1.991892 -1.628426 -1.546825]
  [ 0.59234   2.073197 -0.190396 ... -0.29193   0.055858  0.13681 ]
  [ 1.708847  2.098207  0.       ...  1.799693  2.107717  2.297924]
  [ 0.280832  1.015332 -0.216034 ...  1.516541  1.797379  2.060214]
  [-0.560945  0.323629 -0.992447 ...  1.276173  1.549096  1.879193]]

 [[ 0.039952  0.439465 -0.199764 ...  0.419487  1.451048  1.994928]
  [ 0.        0.557769 -0.079681 ...  0.119518  0.905175  1.598932]
  [-0.039639  0.198181 -0.753068 ... -0.352762  0.090362  0.934066]
  [ 0.079181  0.435475 -0.475063 ... -0.504748 -0.253363  0.705992]
  [-0.71062   0.236869 -0.829053 ... -0.744169 -0.570067  0.284255]]

 [[-0.375795  0.652686 -0.39557  ... -4.16167  -4.865667 -5.513106]
  [ 1.058514  1.597761 -0.039946 ... -2.845521 -3.617037 -4.303983]
  [ 0.23971   1.018775 -0.25969  ... -2.489331 -3.29594  -4.061666]
  [ 0.039787  0.576887 -0.497315 ... -2.572881 -3.427493 -4.19146 ]
  [ 0.843378  1.164663 -0.381522 ... -1.381664 -2.29312  -3.034554]]]
--LSTM::FORWARD-- Input after in_lat:

tensor([[[ 1.9398e+00,  6.1751e-01, -1.3788e+00,  ..., -9.0160e-01,
          -1.0095e+00, -2.8851e-01],
         [ 1.8343e+00,  1.0964e+00, -2.7992e+00,  ..., -1.0189e+00,
          -1.7376e+00, -4.5914e-01],
         [-1.6180e+00, -1.1700e+00,  7.8893e-01,  ...,  1.0844e+00,
           2.0883e-01,  1.1942e+00],
         [-9.9907e-02,  6.2876e-02, -1.3786e-01,  ...,  2.0336e-01,
          -4.7903e-01,  2.9303e-03],
         [ 8.9094e-01,  3.1353e-01, -1.5561e+00,  ..., -3.6801e-01,
          -9.2633e-01, -1.0211e-02]],

        [[ 6.3917e-03, -5.8281e-02, -1.0988e+00,  ...,  7.3052e-02,
          -9.1807e-01,  8.0206e-01],
         [ 2.0655e+00,  3.2333e-01, -3.4204e+00,  ..., -1.4945e+00,
          -1.1776e+00,  7.8115e-01],
         [ 1.5572e+00,  1.2696e+00, -3.9861e+00,  ..., -1.3900e+00,
          -1.5909e+00, -1.2463e-02],
         [-7.0520e-01, -1.2429e+00, -1.3023e+00,  ...,  8.2787e-02,
           5.7503e-01,  1.9992e+00],
         [ 2.4215e+00,  1.8054e+00, -5.6631e+00,  ..., -2.0760e+00,
          -2.0289e+00, -4.6145e-01]],

        [[ 2.2852e+00,  5.5359e-01, -9.0924e-01,  ..., -8.3534e-01,
          -9.7043e-01, -3.3261e-01],
         [ 3.8699e+00,  1.3238e+00, -4.0057e+00,  ..., -1.6152e+00,
          -1.9718e+00, -2.6700e-01],
         [ 2.1167e+00,  3.2309e-01, -3.4271e+00,  ..., -7.9921e-01,
          -1.1469e+00,  1.0313e+00],
         [ 5.4862e-01, -2.6487e-01, -2.0280e+00,  ..., -6.7774e-02,
          -3.4348e-01,  1.6236e+00],
         [ 2.6251e+00,  7.4807e-01, -5.5679e+00,  ..., -1.1513e+00,
          -1.9676e+00,  1.2854e+00]],

        ...,

        [[-2.9792e+00, -2.7010e+00,  1.1533e+00,  ...,  1.1171e+00,
           1.0339e+00,  2.2159e+00],
         [ 1.4346e+00,  9.8734e-01, -2.5803e+00,  ..., -1.3517e+00,
          -1.4265e+00, -9.1520e-01],
         [ 2.2666e+00,  1.2721e+00, -3.8574e+00,  ..., -1.8909e+00,
          -1.1843e+00, -6.6994e-01],
         [-1.0926e-01, -6.3030e-02, -1.7807e+00,  ..., -3.1312e-01,
          -8.9495e-02,  3.8296e-01],
         [-3.6998e-02, -5.7731e-01, -1.8193e+00,  ..., -3.1289e-01,
           2.0766e-02,  7.9306e-01]],

        [[-2.8569e-01, -1.3467e-01, -1.8925e+00,  ..., -3.2108e-01,
           1.5159e-01,  1.6434e-01],
         [-5.5636e-01, -2.8700e-01, -1.3338e+00,  ..., -2.6451e-01,
           2.4186e-01,  2.3081e-01],
         [-3.0049e-01, -8.2733e-01, -6.9168e-01,  ..., -6.1026e-01,
           6.4430e-01,  6.6154e-01],
         [-2.3958e-02, -6.1651e-01, -6.1017e-01,  ..., -8.7319e-01,
           3.1498e-01,  3.1746e-01],
         [-2.7899e-01, -9.3781e-01, -3.2609e-01,  ..., -5.8340e-01,
           1.4132e-01,  4.5825e-01]],

        [[ 9.6718e-02, -5.8853e-01,  3.9010e+00,  ...,  8.6066e-01,
          -2.9719e-01, -9.2254e-01],
         [ 1.7783e+00,  3.5113e-01,  2.0844e+00,  ..., -2.1913e-01,
          -9.0688e-01, -1.3535e+00],
         [ 9.4508e-01, -2.4289e-01,  2.5327e+00,  ...,  5.1238e-01,
          -5.5026e-01, -5.8424e-01],
         [ 6.9064e-01, -5.6369e-01,  2.9332e+00,  ...,  6.7752e-01,
          -1.8243e-01, -1.9571e-01],
         [ 2.2067e+00,  1.0468e-01,  1.2044e+00,  ..., -3.1514e-01,
          -8.6694e-01, -4.5963e-01]]], grad_fn=<AddBackward0>)
--LSTM::FORWARD-- Input after lstm:

tensor([[[ 8.8463e-03, -7.5648e-02, -9.8224e-02, -3.1368e-01],
         [-1.6713e-03, -1.1283e-01, -5.0687e-02, -4.1283e-01],
         [-2.6624e-01, -6.9731e-02, -1.1381e-01,  4.2844e-02],
         [-4.9823e-02, -1.2791e-01, -1.6471e-01, -3.1772e-02],
         [-2.3961e-02, -1.3253e-01, -1.3113e-01, -2.0758e-01]],

        [[-7.6050e-02, -2.0797e-01, -1.7409e-01, -2.2274e-01],
         [-5.9575e-03, -1.6982e-01,  1.4610e-03, -4.9635e-01],
         [-1.7562e-02, -1.0657e-01, -2.2275e-02, -3.0007e-01],
         [-2.1981e-01, -1.2646e-01, -2.1484e-01, -4.8858e-02],
         [-4.0157e-03, -7.6716e-02,  1.9599e-01, -6.2468e-01]],

        [[-1.4484e-02, -1.0456e-01, -1.4413e-01, -5.6244e-01],
         [-1.3214e-03, -7.6639e-02,  2.1231e-01, -7.7559e-01],
         [-1.7912e-02, -1.2795e-01,  1.4862e-01, -5.3698e-01],
         [-7.4868e-02, -1.4321e-01, -1.7209e-01, -3.0787e-01],
         [-7.9014e-03, -6.3192e-02,  2.5971e-01, -6.1063e-01]],

        ...,

        [[-5.5417e-01,  6.2111e-01, -6.5343e-02,  7.1319e-02],
         [-6.8148e-04, -6.1504e-02, -1.9703e-02, -2.4985e-01],
         [-1.4203e-02, -5.6797e-02,  2.5414e-01, -6.3144e-01],
         [-1.1218e-01, -1.0620e-01,  2.7682e-02, -4.1570e-01],
         [-1.3705e-01,  8.9894e-02,  1.8861e-02, -3.3751e-01]],

        [[-1.9606e-01,  8.0053e-02, -3.0210e-01, -5.6447e-02],
         [-1.8290e-01, -1.7786e-01,  4.5880e-02, -3.2008e-01],
         [-2.5751e-01,  2.7343e-01,  2.5316e-01, -3.3781e-01],
         [-3.1646e-01,  2.3569e-01,  1.4273e-01, -2.9545e-01],
         [-2.7611e-01,  3.2051e-01,  6.2651e-02, -1.4354e-01]],

        [[-4.3493e-02,  4.1570e-01, -3.4224e-01,  7.5699e-02],
         [-2.5107e-02,  2.5069e-01, -1.9810e-01, -7.1425e-02],
         [-5.3766e-02,  3.9478e-01,  3.5224e-03,  1.6498e-02],
         [-7.7848e-02,  4.2969e-01, -7.2397e-02,  6.2297e-02],
         [-4.6163e-02,  2.5021e-01, -7.3511e-02, -1.3835e-01]]],
       grad_fn=<StackBackward>)
--LSTM::FORWARD-- Entering Attention layer:

--LSTM::FORWARD-- Input after attn_layer:

tensor([[-0.0240, -0.1325, -0.1311,  ..., -0.1042, -0.1046, -0.2237],
        [-0.0040, -0.0767,  0.1960,  ..., -0.1316, -0.0012, -0.3979],
        [-0.0079, -0.0632,  0.2597,  ..., -0.0981,  0.0910, -0.5882],
        ...,
        [-0.1370,  0.0899,  0.0189,  ...,  0.0391,  0.0736, -0.3786],
        [-0.2761,  0.3205,  0.0627,  ...,  0.1491,  0.0739, -0.2515],
        [-0.0462,  0.2502, -0.0735,  ...,  0.3400, -0.1276, -0.0208]],
       grad_fn=<CatBackward>)
--LSTM::FORWARD-- Entering Adversarial layer:

--LSTM::FORWARD-- Input\Pred after adv_layer:

tensor([[-1.2496e-01],
        [ 1.4077e-01],
        [-2.8770e-02],
        [-7.5615e-02],
        [-1.3450e-01],
        [-2.8228e-01],
        [ 4.2847e-02],
        [-2.1841e-01],
        [-2.9825e-01],
        [-1.4736e-02],
        [-8.7614e-02],
        [-1.9693e-01],
        [-1.8346e-02],
        [ 2.2212e-01],
        [-1.0031e-03],
        [-1.3530e-01],
        [-1.5366e-01],
        [-3.7459e-02],
        [-1.8976e-02],
        [ 1.8283e-01],
        [-1.1478e-01],
        [ 2.3663e-02],
        [ 1.2289e-01],
        [ 9.1411e-03],
        [-1.4405e-01],
        [-4.7231e-02],
        [-3.6505e-02],
        [ 1.2646e-01],
        [-1.4277e-01],
        [ 1.1675e-01],
        [-6.6009e-02],
        [-1.3432e-01],
        [-6.9648e-02],
        [-3.9920e-02],
        [-2.4914e-02],
        [-7.8829e-02],
        [-1.0693e-01],
        [-1.2585e-01],
        [-8.2363e-02],
        [-6.4833e-04],
        [-1.1688e-01],
        [-1.4349e-01],
        [-4.5854e-01],
        [-4.6756e-02],
        [-1.9604e-01],
        [-3.9442e-01],
        [-3.8259e-02],
        [-1.0531e-01],
        [-1.9117e-01],
        [-4.7313e-01],
        [-3.0941e-01],
        [-2.0465e-01],
        [-2.3151e-01],
        [-6.2405e-01],
        [-3.1443e-01],
        [-2.8623e-01],
        [-7.1262e-02],
        [-1.4453e-01],
        [ 1.8444e-02],
        [-1.8572e-01],
        [-5.8409e-02],
        [-2.5389e-01],
        [-4.4380e-01],
        [-1.3092e-01],
        [-4.3339e-01],
        [-2.3595e-01],
        [-4.5591e-01],
        [-5.5215e-01],
        [-2.1784e-01],
        [-1.9659e-01],
        [-5.0505e-01],
        [-6.6209e-01],
        [-3.3177e-01],
        [-4.4227e-01],
        [-3.5701e-01],
        [-3.8622e-01],
        [-3.2955e-01],
        [-6.1843e-01],
        [-5.5721e-01],
        [-1.1766e-01],
        [-1.8600e-01],
        [-1.0628e-01],
        [-3.1799e-01],
        [-4.0740e-01],
        [-8.1499e-01],
        [-7.1975e-01],
        [-6.4691e-01],
        [-5.1121e-01],
        [-4.1679e-01],
        [-2.3258e-01],
        [-2.5064e-01],
        [-7.8726e-02],
        [-3.3325e-01],
        [-3.0375e-01],
        [-4.6606e-01],
        [-4.3232e-01],
        [-3.8998e-01],
        [-4.9162e-01],
        [-3.9804e-01],
        [-4.4337e-01],
        [-2.0045e-01],
        [-9.3185e-02],
        [-3.3271e-01],
        [-2.6291e-01],
        [-1.3817e-01],
        [-1.7173e-01],
        [-1.0181e-01],
        [-1.5768e-01],
        [-9.5078e-02],
        [-4.0307e-02],
        [-2.8521e-01],
        [ 1.1640e-01],
        [ 5.8574e-04],
        [ 1.9254e-01],
        [-7.2153e-02],
        [ 3.2884e-02],
        [ 3.4067e-02],
        [-2.3364e-01],
        [-1.1589e-01],
        [-1.0430e-01],
        [-8.5593e-02],
        [-2.3769e-01],
        [-2.2788e-01],
        [-1.3980e-01],
        [ 1.7052e-01],
        [-1.9166e-01],
        [-1.8171e-01],
        [-4.1395e-02],
        [-1.1966e-01],
        [-3.7764e-01],
        [-1.7579e-01],
        [-7.9288e-02],
        [ 2.4918e-02],
        [-5.8604e-02],
        [-2.7987e-01],
        [-2.5171e-02],
        [ 5.8386e-02],
        [-1.9122e-01],
        [-1.1396e-01],
        [ 2.0057e-02],
        [-1.9074e-01],
        [-7.9566e-02],
        [-2.0701e-01],
        [-9.7784e-02],
        [-1.1050e-01],
        [-1.2801e-02],
        [-4.9515e-02],
        [ 3.6509e-02],
        [-9.6653e-02],
        [-1.8372e-01],
        [-1.5618e-01],
        [-2.0363e-01],
        [-2.1250e-01],
        [ 1.1636e-01],
        [-1.0728e-01],
        [ 1.0080e-02],
        [-1.3611e-01],
        [-1.0873e-01],
        [ 1.9350e-02],
        [ 3.7951e-02],
        [-2.5065e-01],
        [-1.2101e-01],
        [-9.3574e-02],
        [-2.0031e-01],
        [-8.9157e-02],
        [-1.0602e-01],
        [ 1.2128e-01],
        [ 2.2131e-01],
        [ 9.1989e-02],
        [ 1.1610e-01],
        [ 9.6118e-02],
        [-1.2144e-01],
        [ 4.3851e-02],
        [-4.7167e-02],
        [ 1.7143e-02],
        [ 4.9988e-02],
        [-1.1623e-02],
        [ 7.0950e-03],
        [-5.0479e-02],
        [-1.6444e-02],
        [-1.7202e-01],
        [ 3.2761e-02],
        [-7.5653e-02],
        [-1.6338e-01],
        [ 2.2889e-02],
        [-2.0939e-01],
        [ 5.8790e-02],
        [-2.7720e-01],
        [ 7.1935e-02],
        [ 1.0167e-01],
        [ 1.7843e-01],
        [-1.5012e-01],
        [ 2.2247e-01],
        [-3.9427e-02],
        [ 1.2445e-01],
        [-1.5498e-01],
        [ 2.8091e-03],
        [ 1.7556e-02],
        [-2.9575e-03],
        [ 5.7800e-02],
        [ 1.9592e-01],
        [ 1.5415e-01],
        [ 6.7548e-02],
        [ 2.4255e-01],
        [ 2.6104e-01],
        [-1.0653e-01],
        [ 2.5009e-01],
        [ 2.6629e-01],
        [ 3.0532e-01],
        [ 6.6024e-02],
        [ 1.2613e-01],
        [ 1.3867e-01],
        [ 2.0283e-01],
        [ 1.9125e-01],
        [ 7.0038e-02],
        [ 1.6157e-01],
        [ 2.0143e-01],
        [ 1.8347e-01],
        [ 5.6818e-02],
        [ 2.5933e-01],
        [ 2.2334e-01],
        [ 1.7325e-01],
        [ 2.6094e-01],
        [ 1.6215e-01],
        [-1.8898e-02],
        [ 1.2170e-01],
        [ 3.3481e-01],
        [ 6.0040e-03],
        [ 1.1960e-01],
        [ 1.1892e-01],
        [ 3.9391e-02],
        [ 1.5400e-01],
        [ 1.2243e-01],
        [ 3.3235e-01],
        [ 2.4012e-01],
        [ 3.4828e-01],
        [ 3.1967e-01],
        [ 2.7282e-01],
        [-2.0952e-01],
        [-2.6027e-01],
        [ 1.2702e-01],
        [ 3.6718e-02],
        [-2.7799e-01],
        [-3.0870e-01],
        [-2.9160e-01],
        [ 3.2976e-02],
        [-2.7109e-01],
        [-6.4286e-02],
        [-1.0810e-01],
        [-1.1790e-01],
        [-1.7168e-01],
        [-2.3971e-01],
        [-9.1579e-02],
        [-5.0534e-02],
        [-2.6871e-01],
        [-1.8309e-01],
        [ 2.6883e-03],
        [-1.5545e-02],
        [-2.7924e-01],
        [ 1.0351e-01],
        [ 2.6534e-01],
        [-1.4153e-01],
        [-7.9534e-03],
        [-2.4751e-02],
        [ 1.7525e-01],
        [ 5.1896e-02],
        [-9.7822e-02],
        [-9.2423e-02],
        [-7.2863e-02],
        [ 1.4943e-01],
        [-2.5119e-01],
        [-1.5591e-01],
        [-1.5188e-01],
        [-1.1882e-01],
        [-2.1650e-01],
        [-2.5480e-01],
        [-3.3379e-01],
        [-2.6151e-01],
        [-3.1899e-01],
        [-3.0211e-01],
        [-2.5452e-01],
        [-2.4162e-01],
        [-2.4745e-01],
        [-1.8809e-01],
        [-1.3103e-01],
        [-1.0739e-01],
        [-2.7859e-01],
        [-1.8784e-01],
        [-2.8129e-01],
        [ 8.9952e-02],
        [-2.4498e-01],
        [-1.7840e-01],
        [ 4.3713e-02],
        [-1.7098e-01],
        [-2.2250e-01],
        [-1.2552e-01],
        [-1.6109e-01],
        [-1.1755e-01],
        [ 1.2520e-01],
        [ 8.5089e-02],
        [-5.2965e-02],
        [-1.4888e-01],
        [-5.0473e-02],
        [-1.8974e-01],
        [-8.4247e-02],
        [-1.3084e-02],
        [-1.3228e-01],
        [-1.6124e-01],
        [-1.7999e-01],
        [-3.5442e-01],
        [-2.9363e-01],
        [-3.0383e-01],
        [-2.5048e-01],
        [-2.1394e-01],
        [-1.5892e-01],
        [-2.5065e-01],
        [-2.3695e-01],
        [-4.1896e-02],
        [-7.6988e-02],
        [-2.1573e-01],
        [-3.3048e-01],
        [-1.5415e-01],
        [-2.2047e-01],
        [-1.0378e-01],
        [-3.4414e-01],
        [-3.0312e-01],
        [-4.9438e-02],
        [-2.7782e-01],
        [-3.1318e-01],
        [-7.2294e-01],
        [-7.8322e-02],
        [-1.2034e-03],
        [-8.1823e-02],
        [-9.8776e-03],
        [-2.0015e-01],
        [-4.8321e-02],
        [-2.3769e-01],
        [-3.1377e-01],
        [-2.5280e-01],
        [-7.9661e-02],
        [-2.8443e-01],
        [-2.1199e-01],
        [-1.9196e-01],
        [-2.3697e-01],
        [-4.5978e-01],
        [-3.6236e-01],
        [-1.3326e-01],
        [-4.6688e-01],
        [-7.5375e-01],
        [-3.6393e-01],
        [-3.6107e-01],
        [-4.5654e-01],
        [-5.1014e-01],
        [-3.4594e-01],
        [-3.8516e-01],
        [-5.1487e-01],
        [-5.5213e-01],
        [-6.0447e-01],
        [-2.6033e-01],
        [-1.8991e-01],
        [-5.6770e-02],
        [-2.2258e-01],
        [-3.0704e-01],
        [-1.6221e-01],
        [-5.6085e-01],
        [-3.1569e-01],
        [-6.1409e-01],
        [-1.6351e-01],
        [-1.9338e-01],
        [-6.2838e-01],
        [-4.0879e-01],
        [-4.3791e-01],
        [-2.1964e-01],
        [-6.2321e-01],
        [-7.1611e-01],
        [-6.5704e-01],
        [-4.5528e-01],
        [-7.6664e-01],
        [-5.0941e-01],
        [-4.4464e-01],
        [-5.1727e-01],
        [-6.6307e-01],
        [-2.6981e-01],
        [-6.1263e-01],
        [-4.5644e-01],
        [-5.0085e-01],
        [-5.3123e-01],
        [-6.9592e-01],
        [-7.0205e-01],
        [-8.2956e-01],
        [-5.3930e-01],
        [-4.6926e-01],
        [-6.6744e-01],
        [-6.8701e-01],
        [-6.1726e-01],
        [-5.4456e-01],
        [-3.9919e-01],
        [-4.8543e-01],
        [-1.3727e-01],
        [-2.0529e-01],
        [-1.1279e-01],
        [-1.4522e-01],
        [-2.7663e-01],
        [-5.0950e-01],
        [-6.2446e-01],
        [-5.8303e-01],
        [-5.7501e-01],
        [-3.9116e-01],
        [-5.2240e-01],
        [-5.6274e-01],
        [-4.9435e-01],
        [-5.4048e-01],
        [-3.4766e-01],
        [-4.6379e-01],
        [-3.1880e-01],
        [-4.7495e-01],
        [-3.8504e-01],
        [-2.7559e-01],
        [-2.9731e-01],
        [-2.7641e-01],
        [-3.9730e-01],
        [-5.5181e-01],
        [-5.1491e-01],
        [ 1.9881e-01],
        [-1.1782e-02],
        [-5.6784e-01],
        [-2.6688e-01],
        [-3.2904e-01],
        [-5.9544e-01],
        [-5.6694e-01],
        [-4.4423e-01],
        [-2.4773e-01],
        [-3.2880e-01],
        [-6.7720e-01],
        [-3.6245e-01],
        [-4.4051e-01],
        [-4.0672e-01],
        [-3.2722e-01],
        [-5.0276e-01],
        [-6.3656e-01],
        [-5.5928e-01],
        [-6.7275e-01],
        [-7.1518e-01],
        [-7.6308e-01],
        [-7.1807e-01],
        [-5.8638e-01],
        [-5.1021e-01],
        [-5.5383e-01],
        [-4.1609e-01],
        [-5.3375e-01],
        [-5.4999e-01],
        [-5.5658e-01],
        [-6.1928e-01],
        [-3.6122e-01],
        [-5.0031e-01],
        [-3.0130e-01],
        [-2.6367e-01],
        [-2.2484e-01],
        [-3.3894e-01],
        [-2.0462e-01],
        [-1.2308e-01],
        [-2.1885e-01],
        [-1.9085e-01],
        [-1.3736e-01],
        [-1.9947e-01],
        [-3.5883e-01],
        [-2.6415e-01],
        [-2.8539e-01],
        [-2.0278e-01],
        [-3.2588e-01],
        [-2.8835e-01],
        [-1.9372e-02],
        [-2.1905e-02],
        [-2.4059e-01],
        [-1.9767e-01],
        [-7.0734e-02],
        [-2.0415e-01],
        [-1.4748e-01],
        [-1.6486e-01],
        [-8.3048e-02],
        [-6.5222e-02],
        [-8.2259e-02],
        [-5.6580e-02],
        [ 1.0659e-01],
        [-2.8648e-01],
        [-2.2237e-01],
        [-1.9122e-01],
        [-1.4648e-01],
        [-2.8156e-01],
        [-2.3531e-01],
        [-1.1533e-01],
        [-5.8531e-01],
        [-3.5973e-01],
        [-3.7529e-01],
        [-3.0305e-01],
        [-2.8331e-01],
        [-3.1449e-01],
        [-2.3969e-01],
        [-3.4843e-01],
        [-3.7891e-01],
        [-1.1034e-01],
        [-1.4912e-01],
        [-3.4319e-01],
        [-2.2754e-01],
        [-2.1204e-01],
        [-1.6443e-01],
        [-8.2446e-02],
        [-9.4243e-03],
        [-1.1308e-01],
        [-2.8915e-01],
        [-7.4703e-02],
        [-1.1214e-01],
        [-3.5198e-01],
        [-2.9554e-01],
        [-3.0129e-01],
        [ 5.1138e-02],
        [-9.8644e-02],
        [-2.5002e-01],
        [-7.5514e-02],
        [-1.3404e-01],
        [-1.2494e-01],
        [-2.2279e-01],
        [-7.3463e-02],
        [-1.3111e-01],
        [-6.8357e-02],
        [-9.1651e-02],
        [-1.3215e-01],
        [-3.3946e-01],
        [-1.2031e-01],
        [-5.3404e-02],
        [-4.3269e-01],
        [-8.2864e-02],
        [-5.5170e-02],
        [-2.1037e-01],
        [-2.0056e-01],
        [-4.3971e-01],
        [-4.4800e-01],
        [-1.7843e-01],
        [-2.1800e-01],
        [ 2.1796e-01],
        [-1.5608e-01],
        [-3.1071e-01],
        [-3.7047e-01],
        [-4.8542e-01],
        [-3.3877e-02],
        [ 1.1241e-01],
        [-2.3707e-01],
        [-4.6167e-02],
        [-2.9835e-01],
        [-1.7441e-01],
        [-1.8797e-02],
        [-1.5118e-01],
        [-1.5661e-01],
        [-9.6909e-02],
        [-9.5635e-02],
        [-3.2015e-01],
        [-3.7887e-01],
        [-5.3703e-02],
        [-3.0729e-01],
        [-4.9630e-01],
        [-3.3628e-01],
        [-3.0237e-01],
        [-2.3472e-01],
        [-2.4885e-01],
        [-5.4743e-01],
        [-2.4185e-01],
        [-2.1082e-01],
        [-1.7116e-01],
        [ 4.4679e-02],
        [ 5.9699e-02],
        [ 3.0630e-01],
        [ 1.0428e-01],
        [ 1.4317e-01],
        [ 2.3420e-02],
        [ 8.1638e-02],
        [-1.6941e-02],
        [-2.9244e-01],
        [-1.7311e-01],
        [ 7.7727e-02],
        [ 6.1369e-02],
        [ 3.2538e-02],
        [ 1.8888e-02],
        [ 1.1941e-01],
        [ 4.1913e-02],
        [ 5.2958e-03],
        [ 2.6187e-02],
        [ 1.8046e-01],
        [-6.7110e-02],
        [ 3.6772e-02],
        [ 3.6920e-03],
        [ 6.1628e-02],
        [ 1.4825e-01],
        [ 3.6294e-02],
        [ 1.0867e-01],
        [ 8.3549e-02],
        [ 2.1034e-01],
        [ 1.4149e-01],
        [ 1.6824e-01],
        [ 3.2637e-01],
        [ 3.0443e-01],
        [ 4.9833e-02],
        [ 2.0176e-01],
        [ 1.6306e-01],
        [ 2.1182e-01],
        [ 5.9113e-02],
        [ 4.2290e-02],
        [ 1.5147e-01],
        [-1.8812e-01],
        [ 2.5983e-02],
        [-2.4866e-01],
        [-1.4948e-01],
        [ 6.9636e-03],
        [-8.5497e-02],
        [-1.5985e-01],
        [ 3.1966e-02],
        [ 1.3349e-01],
        [ 2.7151e-01],
        [ 1.8761e-01],
        [ 2.4354e-02],
        [ 1.0687e-01],
        [ 8.2028e-02],
        [ 5.9542e-02],
        [-5.0884e-02],
        [-1.3269e-01],
        [ 2.6164e-01],
        [ 4.0104e-02],
        [ 1.8810e-01],
        [-5.9833e-02],
        [ 2.1490e-01],
        [ 7.6501e-02],
        [ 2.8560e-01],
        [ 4.8371e-02],
        [-5.5030e-02],
        [-4.3297e-01],
        [-4.3305e-01],
        [-1.2971e-01],
        [-3.5241e-01],
        [-2.2665e-01],
        [-4.5326e-01],
        [-1.9303e-01],
        [ 3.1289e-02],
        [ 6.0750e-02],
        [ 1.2869e-01],
        [ 3.0664e-01],
        [ 2.5841e-01],
        [ 7.4632e-02],
        [ 2.6029e-01],
        [-1.6892e-01],
        [ 1.5652e-01],
        [-1.1265e-01],
        [ 1.1059e-02],
        [-2.6879e-01],
        [-3.8000e-01],
        [ 2.0426e-02],
        [-1.4064e-01],
        [-1.1941e-01],
        [-9.6894e-02],
        [ 5.2199e-02],
        [ 3.8666e-02],
        [-4.2519e-01],
        [-4.0366e-01],
        [-1.2677e-01],
        [-1.8390e-01],
        [-1.2382e-01],
        [-3.9298e-01],
        [ 2.5617e-02],
        [ 1.1825e-01],
        [-4.3081e-02],
        [-1.8856e-01],
        [-1.7371e-02],
        [ 1.4805e-01],
        [ 1.6060e-01],
        [ 1.1742e-01],
        [ 1.3609e-01],
        [ 1.8101e-01],
        [-1.3408e-02],
        [-1.3355e-01],
        [-9.2497e-02],
        [-5.4545e-02],
        [-1.3427e-01],
        [ 3.9213e-02],
        [ 1.8358e-01],
        [ 9.9127e-02],
        [ 4.4755e-02],
        [-1.2515e-01],
        [ 9.8129e-02],
        [ 1.3119e-01],
        [ 9.6372e-02],
        [ 1.6980e-02],
        [ 1.5378e-01],
        [ 7.9676e-02],
        [ 9.7421e-02],
        [ 1.2034e-01],
        [-1.7934e-01],
        [ 1.0333e-01],
        [ 1.5082e-01],
        [-3.4048e-01],
        [-2.1320e-01],
        [-1.5434e-01],
        [ 2.3241e-02],
        [ 2.1263e-02],
        [ 2.5728e-01],
        [ 9.0286e-02],
        [ 1.8816e-02],
        [-5.4642e-02],
        [ 1.9394e-01],
        [ 1.7732e-01],
        [ 2.0678e-01],
        [ 2.3396e-01],
        [ 1.3037e-01],
        [-5.5218e-02],
        [-5.9660e-02],
        [ 1.9982e-01],
        [ 2.5430e-01],
        [ 2.5279e-01],
        [ 3.1671e-01],
        [ 1.9333e-01],
        [ 4.2969e-01],
        [ 3.2666e-01],
        [ 3.0394e-01],
        [-1.2220e-01],
        [-1.7276e-02],
        [ 1.6320e-01],
        [ 9.2147e-02],
        [ 1.6340e-01],
        [ 1.8201e-01],
        [ 1.6907e-01],
        [ 1.3456e-01],
        [ 1.7364e-01],
        [ 2.8184e-01],
        [ 2.5326e-01],
        [ 2.3286e-01],
        [ 1.7388e-01],
        [-2.0842e-01],
        [ 4.5544e-02],
        [ 5.6508e-02],
        [ 1.4601e-01],
        [ 2.1318e-01],
        [ 4.0437e-01],
        [ 2.3404e-01],
        [ 2.7909e-01],
        [-4.6253e-02],
        [ 1.4819e-01],
        [ 9.0523e-02],
        [ 5.4125e-02],
        [-7.4505e-02],
        [ 1.9609e-01],
        [-1.4536e-01],
        [ 7.1432e-02],
        [ 1.0538e-01],
        [-2.0906e-02],
        [ 1.3934e-01],
        [ 1.1850e-01],
        [-1.3893e-01],
        [-2.0493e-02],
        [ 7.9179e-02],
        [ 2.3618e-01],
        [ 1.9006e-01],
        [ 5.0552e-02],
        [ 1.8178e-01],
        [ 1.7990e-01],
        [ 1.9337e-01],
        [ 2.5788e-01],
        [ 3.2627e-01],
        [ 2.9713e-01],
        [ 1.8395e-01],
        [ 2.0672e-01],
        [ 1.0592e-01],
        [ 1.4444e-01],
        [ 1.6583e-01],
        [ 1.2910e-01],
        [ 3.7877e-02],
        [ 7.2786e-02],
        [ 2.2218e-01],
        [ 1.8791e-01],
        [ 1.0210e-01],
        [ 2.0005e-01],
        [-8.5362e-02],
        [-8.2539e-03],
        [ 1.2500e-01],
        [ 1.1515e-01],
        [ 2.3722e-01],
        [-4.5169e-02],
        [ 3.0316e-01],
        [ 3.0671e-01],
        [ 2.4833e-01],
        [ 2.5820e-01],
        [ 2.6119e-01],
        [ 3.8607e-01],
        [ 2.8106e-01],
        [ 2.5630e-01],
        [ 4.2740e-02],
        [ 1.4357e-01],
        [ 2.7235e-02],
        [ 1.8348e-01],
        [ 1.6019e-01],
        [ 1.2284e-01],
        [ 8.6351e-02],
        [ 1.1070e-01],
        [-4.3509e-02],
        [-1.3802e-01],
        [ 7.4681e-02],
        [ 3.0201e-01],
        [ 2.6121e-01],
        [ 2.9663e-01],
        [ 5.7981e-02],
        [ 4.5355e-02],
        [ 5.4002e-02],
        [ 2.6059e-01],
        [-7.4805e-02],
        [ 4.3269e-02],
        [ 6.8064e-02],
        [ 2.9068e-02],
        [ 2.1476e-01],
        [ 1.6572e-01],
        [-2.9036e-01],
        [ 5.9016e-02],
        [ 1.2765e-02],
        [ 5.7206e-02],
        [ 1.9190e-01],
        [-1.0812e-01],
        [-1.2163e-02],
        [ 2.0590e-01],
        [ 2.0098e-01],
        [ 3.3286e-01],
        [ 2.3037e-01],
        [ 1.1317e-01],
        [-2.8301e-01],
        [-3.0394e-01],
        [-1.3861e-01],
        [-9.9810e-02],
        [ 7.1367e-02],
        [ 1.3131e-01],
        [ 1.7221e-01],
        [ 1.6998e-01],
        [ 4.7654e-02],
        [-6.7148e-03],
        [ 1.4190e-02],
        [ 1.1783e-01],
        [ 1.8359e-01],
        [ 1.5438e-01],
        [-7.3996e-02],
        [ 4.6361e-02],
        [ 3.1291e-01],
        [-4.1015e-02],
        [-6.0259e-03],
        [ 2.5560e-01],
        [-2.9380e-01],
        [-2.5306e-01],
        [-2.1778e-01],
        [ 8.2901e-02],
        [-1.5460e-01],
        [ 9.3357e-03],
        [ 1.1305e-01],
        [ 7.6113e-02],
        [ 3.0900e-02],
        [ 1.5861e-01],
        [-9.2413e-02],
        [ 1.4762e-01],
        [ 2.0480e-01],
        [ 2.4530e-01],
        [-3.8301e-02],
        [ 3.4489e-01],
        [ 1.9970e-01],
        [ 2.0219e-01],
        [ 3.2544e-01],
        [ 2.3773e-01],
        [ 9.6510e-02],
        [ 1.0063e-02],
        [ 1.4634e-01],
        [ 1.6188e-01],
        [-9.8598e-02],
        [ 1.5629e-01],
        [ 3.1739e-01],
        [ 1.3443e-01],
        [ 7.0651e-04],
        [ 1.9806e-01],
        [-4.9412e-02],
        [ 1.3667e-01],
        [ 6.4824e-02],
        [-8.6436e-02],
        [ 8.7401e-02],
        [-4.2529e-01],
        [-1.5149e-01],
        [-4.7145e-01],
        [-9.0312e-02],
        [ 9.8101e-03],
        [ 1.6597e-01],
        [-4.0641e-02],
        [ 1.6308e-01],
        [ 8.7288e-02],
        [ 5.5219e-02],
        [ 2.3970e-01],
        [ 7.0633e-02],
        [ 1.5145e-01],
        [ 1.4367e-01],
        [ 1.3930e-01],
        [ 4.1864e-02],
        [-1.6940e-01],
        [-6.2808e-02],
        [ 9.7646e-02],
        [-5.9989e-02],
        [ 1.9254e-01],
        [-4.9172e-01],
        [-4.3880e-01],
        [-6.0788e-01],
        [-2.2950e-01],
        [-3.7271e-02],
        [ 1.2181e-01],
        [-2.9510e-01],
        [ 8.5443e-02],
        [-5.9740e-01],
        [-3.1979e-01],
        [-2.0212e-01],
        [-6.4262e-02],
        [-1.9480e-01],
        [-4.5889e-02],
        [-1.2589e-01],
        [ 1.6894e-01],
        [ 3.9924e-01],
        [ 2.5748e-01],
        [ 3.7595e-02],
        [-7.5465e-02],
        [-3.4699e-01],
        [ 6.3248e-02],
        [-2.2646e-01],
        [-2.2800e-01],
        [-5.3002e-01],
        [-3.4087e-02],
        [-3.2180e-01],
        [-1.0252e-01],
        [ 4.1190e-02],
        [ 8.2418e-02],
        [-1.5469e-01],
        [-2.3211e-01],
        [-6.1099e-02],
        [ 8.1440e-02],
        [-1.5233e-01],
        [-1.1189e-01],
        [-4.7473e-02],
        [ 5.2415e-02],
        [ 2.1333e-01],
        [ 3.1049e-01],
        [-1.6221e-02],
        [ 1.5499e-01],
        [ 2.3623e-01],
        [ 2.7118e-01],
        [ 2.2346e-01],
        [ 2.2790e-01],
        [ 2.6715e-01],
        [ 1.5433e-02],
        [ 2.6017e-01],
        [ 3.8064e-01],
        [ 3.0118e-01],
        [ 1.4513e-01],
        [ 2.3376e-01],
        [-1.6319e-01],
        [ 5.5205e-02],
        [-2.3609e-01],
        [-4.4678e-02],
        [ 3.5124e-02],
        [ 3.5041e-02],
        [ 5.0860e-02],
        [ 1.4013e-02],
        [ 1.0906e-01],
        [ 5.8344e-02],
        [-2.2029e-01],
        [-2.4774e-01],
        [-9.1682e-02],
        [ 8.1184e-02],
        [ 2.6897e-01],
        [ 1.5938e-01],
        [-9.5211e-03],
        [-8.4424e-02],
        [ 3.5238e-02],
        [-1.6464e-02],
        [ 1.8121e-01],
        [ 1.8251e-01],
        [ 1.7646e-01],
        [ 8.3496e-02],
        [-2.6961e-02],
        [ 1.0639e-01],
        [ 1.0704e-01],
        [ 2.3868e-01],
        [ 3.3848e-01],
        [ 1.6920e-01],
        [ 1.8309e-01],
        [ 3.0658e-01],
        [ 2.7144e-01],
        [ 2.6620e-01],
        [ 1.0753e-01],
        [ 2.5907e-01],
        [ 3.0886e-01],
        [ 2.1739e-01],
        [-8.9459e-02],
        [-1.2194e-01],
        [ 1.4557e-01],
        [ 2.2200e-01],
        [ 1.8435e-01],
        [ 6.0871e-02],
        [-9.5193e-03],
        [ 6.6145e-02],
        [-8.4592e-02],
        [ 2.9082e-01],
        [ 3.1641e-01],
        [ 3.4898e-01],
        [ 2.7878e-01],
        [ 3.0486e-01],
        [ 2.4052e-01],
        [ 1.0918e-01],
        [ 1.3815e-01],
        [ 2.3730e-01],
        [ 1.8409e-01],
        [ 1.3905e-01],
        [ 2.8264e-01],
        [ 9.1025e-02],
        [ 1.8102e-01],
        [ 2.8250e-01],
        [ 1.2951e-01],
        [ 6.3293e-02],
        [ 2.3438e-01],
        [-1.0647e-01],
        [ 3.2831e-02],
        [ 1.8380e-01]], grad_fn=<AddmmBackward>)